-0.731454,-0.681891,-0.000414786
0.682073,-0.731284,-0.000104544
0.726222,0.687448,0.00415395
0.681759,-0.731577,-0.000102734
0.706727,0.707258,-0.0179579
0,0,1
-0.681798,0.73154,0.000634289
0.513924,0.478417,-0.712038
0,0,1
-0.731234,-0.682126,0.000188998
-0.681918,0.731428,2.60881e-05
-0.682081,0.731277,-0.000378867
0.731509,0.681832,-0.000782922
0.674889,-0.73791,0.00374259
0.681839,-0.731502,-0.000265354
0,0,-1
-0.732064,-0.681236,-0.000974229
-0.681694,0.731637,-0.000333821
0.681345,-0.731963,5.34601e-05
-0.95293,-0.302469,-0.0209029
0.782227,-0.619957,0.0614332
-0.717068,0.567729,-0.404348
-0.73169,-0.681638,-0.000209461
0,0,-1
-0.681672,0.731658,0.000531246
-0.682229,0.731139,5.92112e-05
-0.731143,-0.682225,-0.000218167
0.622314,0.762071,0.178809
-0.731661,-0.681669,0.000326156
0.112668,-0.177776,-0.9776
-0.704207,0.709994,0.00101754
-0.682313,0.73106,0.000124557
0,-0,-1
-0.681674,0.731656,-6.264e-05
-0.731493,-0.681849,-0.000288292
0.925206,-0.369587,-0.0860221
0,-0,1
-0.681903,0.731442,0.000399163
0.480362,0.460724,-0.746315
-0.73148,-0.681863,3.21118e-05
0.657491,0.222209,0.719951
1.91393e-05,1.50799e-06,-1
-0.682235,0.731133,-3.83633e-06
-0.681479,0.731838,-0.000259642
-0.682129,0.731232,-3.11339e-05
-0.682153,0.731209,-0.000798275
-0.666836,0.744747,-0.0261141
0.0839284,0.075246,-0.993627
-0.18828,0.981859,-0.0224309
0.681844,-0.731497,-0.000439584
-0.731097,-0.682273,9.17546e-05
7.87373e-06,9.90773e-06,-1
-0.731232,-0.682129,0.00026162
0.751815,-0.657822,0.0452238
-0.682027,0.731327,0.000331488
0.627175,0.616395,0.47614
-0.731358,-0.681993,0.000714146
-0.445954,0.681428,-0.580329
0.617552,0.397293,-0.678814
0,0,1
0,0,1
-0.682313,0.73106,-0.000801641
-0.731243,-0.682117,-0.000435197
0.807183,-0.012421,0.59017
0.511626,0.853024,0.102903
-0.68142,0.731892,-9.04193e-05
-0.682119,0.731241,-4.19984e-05
0,0,1
0.277898,0.956817,0.0852843
-0.742798,0.645903,0.176242
-0.077774,0.996824,0.0170983
-0.682479,0.730905,0.000279812
0.731223,0.682139,0.000227794
-0.681823,0.731517,7.12362e-05
-0.00515061,-0.0220309,-0.999744
-0.681897,0.731447,0.000918392
0.681964,-0.731386,0.000112566
0.502536,0.408414,0.762007
2.81527e-05,-1.19925e-05,-1
-0.6823,0.731073,-0.000311676
-0.681684,0.731647,0.000317446
-0.729497,-0.683935,-0.00821793
-0.727414,-0.684617,0.0465646
-0.731596,-0.681738,0.000684793
0.730178,0.683256,0.00112404
-0.682146,0.731216,-0.00036908
-0.752461,-0.658634,0.00193061
-0.681626,0.731701,3.77855e-05
0.515102,0.486762,-0.705502
0.682035,-0.731319,-0.000775014
0.731292,0.682064,7.30649e-05
0.798107,0.599305,0.0621176
0.691879,0.720848,-0.0410031
-0.909999,0.407144,-0.0783314
-0.625371,0.780219,0.0130352
-0.681697,0.731634,-0.000150843
-0.731609,-0.681725,-0.000235979
-0.681694,0.731637,0.000478847
0.698232,-0.71568,0.0165718
0.681826,-0.731514,0.000442417
0.658668,0.691063,-0.297639
-0.681665,0.731665,-5.87988e-05
-0.681903,0.731443,-0.000175524
0.682034,-0.73132,0.000846379
-0.668908,0.743143,0.0173253
-0.682183,0.731181,-0.000790492
-0.481432,0.515697,-0.708717
0.731307,0.682049,0.000267506
0.732038,0.681262,-0.00165673
0.487309,-0.434981,-0.75718
0,-0,-1
-0.738589,-0.673049,-0.0386143
0,0,1
-0.682269,0.731101,0.000241101
-0.731214,-0.682148,-3.32233e-05
-0.682255,0.731114,0.00039356
0,0,1
-0.501177,-0.489478,-0.713605
0.682229,-0.731139,-7.36671e-05
0.727169,0.68642,-0.00720852
-1.29196e-06,-0.000498751,-1
-0,0,1
0,0,1
-0.682098,0.731261,0.000138612
-2.69702e-05,6.63842e-05,-1
-0.0012017,-0.0063888,-0.999979
-0.0161199,0.0102121,0.999818
0.693736,0.713667,-0.0970021
0.211035,0.974992,0.0696737
-0.682062,0.731295,-7.56254e-05
-0.731325,-0.682029,-0.000152236
0.682754,-0.730648,-1.35887e-05
-0.731316,-0.682039,-2.96834e-07
0.513132,0.481181,-0.710746
0.589232,0.512193,0.624871
0.606536,0.774383,0.180124
0.462029,-0.509797,-0.725697
0,0,1
-0.73113,-0.682238,-0.000279732
0.681508,-0.731811,7.94002e-05
0.277857,0.960264,0.0262393
0.731521,0.681819,-0.000191679
-4.13838e-06,2.82546e-06,1
0.280914,0.389553,-0.877118
0.425535,0.435135,0.793459
-0.0107933,0.00777557,-0.999912
0.731813,0.681505,0.000744585
-0.731879,-0.681433,0.00127106
-0.742755,0.669203,0.0219796
-0.482448,0.515787,-0.70796
-0.681749,0.731586,0.00012921
0.680312,0.732922,-0.000119336
0.681607,-0.731718,-0.000376204
-0.731355,-0.681997,-0.000478408
0.733637,0.579261,0.355294
0.702748,0.706468,0.0839499
0,0,1
0,0,1
0,0,1
-0.000451432,-0.000145007,-1
0.732011,0.681292,0.00057087
-0.731417,-0.68193,0.000361552
-0.731128,-0.682241,-0.000100978
-0.731104,-0.682266,0.000330981
-0.636661,0.768751,-0.0606973
-0.761177,-0.648348,0.015945
-0.731628,-0.681704,0.000152676
0.681844,-0.731497,-0.000139537
0.591257,0.662361,0.460101
-0.703456,0.706513,-0.0773849
0.588188,0.513688,-0.624627
0.681344,-0.731963,-0.000126662
-0.0022224,-0.000912004,-0.999997
0.731102,0.682269,3.80861e-05
-0.68178,0.731556,0.000869126
-0.681933,0.731415,7.70187e-05
-0.681941,0.731407,-0.000111002
-0.682156,0.731207,7.26374e-05
-0.681619,0.731707,1.81427e-05
-0.373972,-0.762033,-0.528631
0.682276,-0.731095,3.60764e-05
0.375372,-0.409402,-0.831556
-0.0183076,0.0361538,-0.999179
0,0,1
-1.67819e-05,-2.42677e-05,1
0,-0,-1
-0.731121,-0.682247,-0.000336317
0.0222729,0.110306,-0.993648
0.731208,0.682154,0.000260527
0.710822,0.70143,0.0522392
-0.731536,-0.681803,-0.000864824
0.302073,0.947927,-0.100924
0.677097,0.645106,-0.354086
-0.731283,-0.682074,0.000277302
0.730877,0.682509,0.000448709
-0.730946,-0.682435,-0.000715372
0.998075,0.0618852,0.0040337
-0.682274,0.731097,-3.64803e-05
0.73127,0.682088,-0.000262794
-0.682518,0.730869,0.00051215
-0.526814,0.589577,-0.612263
0.73133,0.682023,0.000689452
-0.731075,-0.682298,-3.49019e-05
0.682054,-0.731302,-0.000235323
0.731262,0.682097,4.35312e-05
0.335406,-0.569978,-0.750085
0.383457,0.848654,-0.364345
0.0171916,0.071521,-0.997291
-0.680999,0.732285,2.60726e-05
-0.681864,0.731479,1.75264e-05
0.850133,0.525977,0.02495
0.731643,0.681687,0.000493484
0.834532,0.543645,-0.0894777
-0.676589,0.736349,0.00421429
-0.680042,0.733166,-0.0031544
0.682725,-0.730675,0.000475597
-0.682434,0.730947,0.000318234
-0.731181,-0.682183,0.000612867
-0.327514,0.283865,-0.901197
-0.731274,-0.682083,0.000458424
-9.51912e-05,9.95119e-05,-1
-0.0555592,0.414324,-0.908432
-0.681478,0.731838,-0.000425855
-0.732399,-0.680876,-7.26992e-05
-0.731096,-0.682275,-0.000130306
-0.682608,0.730785,0.000230424
0,0,1
-0.682296,0.731076,-0.000109443
-0.681463,0.731852,-0.000304549
0,-0,1
0.732498,0.680768,0.000983298
-0.730965,-0.682415,0.000412327
0.682073,-0.731284,0.000120734
-0.73139,-0.68196,-0.000322133
0.725535,0.687902,-0.0197528
0.0385204,-0.0667627,0.997025
-0,0,1
-0.682321,0.731052,-0.000525978
-0.00310517,-0.00223183,0.999993
0,0,1
0,-0,1
0.682241,-0.731128,0.000164499
-0.401473,-0.381681,-0.83255
0.931297,0.363281,-0.0267003
0.681363,-0.731945,0.000391064
0,0,1
-0.679903,0.733226,-0.0105348
-0.731467,-0.681877,0.000412122
0.658648,0.700587,-0.274518
-0.682033,0.731321,0.00081171
0.681649,-0.73168,0.000214754
0.731496,0.681846,-0.000223026
0,-0,1
-0.0258903,0.0041476,-0.999656
-0.0543599,0.0520124,-0.997166
0.00772822,0.00459455,0.99996
0.785116,-0.618239,-0.0370667
0,0,1
0.922614,0.380209,-0.064989
-0.681702,0.73163,9.52563e-05
0.681997,-0.731355,-0.000553765
0.682048,-0.731307,0.000139806
-0.730401,-0.683018,-0.000442235
0.67474,-0.737891,0.0155631
-0.682174,0.73119,0.000379101
-0.576412,0.585424,0.570113
-0.73109,-0.682281,0.000102191
-0.681887,0.731458,0.000423141
-0.543295,-0.750527,0.376219
-0.681966,0.731384,0.000472098
0.681778,-0.731559,-0.000133577
0.167537,0.141311,0.975686
0.969481,-0.243088,0.0318662
0.682154,-0.731208,-0.000711161
0.681386,-0.731924,4.54862e-05
-0.765493,-0.625412,0.151265
-0.7317,-0.681627,-0.000125693
-0.682271,0.7311,-0.000349833
0.660751,-0.750588,0.00511633
-0.731043,-0.682332,-7.74379e-05
0.682558,-0.730832,0.0001328
-0.681824,0.73151,-0.00289098
0,0,-1
0.731101,0.682258,0.00400162
-0.682729,0.730671,0.00106758
4.26009e-05,-0.000326011,-1
-0.731493,-0.681849,-2.83587e-05
0,0,1
0.00126287,0.00530979,-0.999985
-0.00131215,-0.000816765,0.999999
0,-0,1
0,0,1
0,0,1
0,0,1
0,-0,1
-0.681544,0.731777,-4.42604e-05
0.6503,0.63754,-0.413101
1.8081e-05,1.462e-05,1
-0.964867,-0.217332,0.147642
-0.682174,0.73119,0.000223728
0,-0,1
0.603278,0.636821,-0.480119
0.738953,0.673149,-0.0286197
0,0,1
0.466058,0.470845,-0.749063
-0.681682,0.731649,0.00025499
-0.671742,0.740783,-0.00175671
-0.731536,-0.681803,-0.000301447
0,-0,1
0.682483,-0.730901,0.000397102
-0.475649,0.521797,-0.708157
-0,0,1
0,-0,1
0.682147,-0.731215,-0.000197259
0.681669,-0.731661,-0.000173976
-0.669542,0.742682,0.0117329
0.163025,-0.242726,-0.956298
0.731342,0.682011,0.000243882
0.00371425,-0.000921014,-0.999993
-0.731325,-0.682029,-1.8804e-05
-0.682311,0.731062,-0.000160054
0,-0,1
0,0,1
0.682294,-0.731078,-0.000418775
-0.731246,-0.682114,-0.000341234
0.680251,-0.732979,2.30726e-05
-0.723241,-0.690244,0.0220334
-0.73193,-0.681378,-0.00157046
-0.604104,-0.475545,-0.639465
-0.68303,0.716329,-0.142631
0.731118,0.682251,-1.4263e-05
0.731273,0.682085,0.00012444
0.722512,0.691084,0.0194797
0.682108,-0.731251,-0.00013251
-0.681849,0.731493,0.000105865
-0.731239,-0.682121,0.00020734
-0.682575,0.730816,0.000340223
0.000224888,-0.000139237,-1
0.146692,0.0189766,0.989
-0.503254,0.830219,0.239733
0.73253,0.680735,-0.000716564
0.682107,-0.731253,-0.00033585
0.726771,0.686826,0.00855602
-0.124781,-0.581728,-0.803755
-0.682112,0.731248,-8.96033e-06
-0.73131,-0.682045,-0.000367492
-0,0,1
0,-0,1
0,0,1
-8.40511e-05,-0.000120443,1
-0.730804,-0.682583,0.00252573
0.682231,-0.731137,0.000583458
-0.681367,0.731942,0.000350287
-0.731187,-0.682177,-0.000632282
0.552179,-0.833601,0.0144208
0.251346,-0.198267,0.947373
0,0,1
0,0,1
0.640841,-0.742578,-0.194682
0.222566,-0.950272,-0.217824
0.0823728,-0.0228381,-0.99634
-0.731373,-0.681978,-0.000519898
-0.731278,-0.68208,0.000427448
-0.731375,-0.681976,-0.000255286
-0.731229,-0.682132,0.000308826
0.76632,0.642095,0.0216183
0.729741,0.681359,-0.056814
0,-0,1
0,0,1
0,0,1
-0.681795,0.728189,-0.0699785
-0.731509,-0.681832,2.51433e-05
-0.681768,0.731568,-0.000426619
-0.462014,0.2049,-0.862878
0,0,1
-0.731188,-0.682176,-0.000328736
-0.731135,-0.682232,0.000399183
-0.0252168,-0.00611835,-0.999663
-0.107149,0.100735,-0.989127
-0.682008,0.731345,-0.000149695
0,0,1
0.681255,-0.732042,-0.0024974
0.678695,-0.73442,3.78112e-05
0.68128,-0.732021,0.00198145
0.682066,-0.731291,-3.57958e-05
0.681738,-0.731596,-5.68853e-05
0,0,1
0.534642,0.493123,-0.686286
-0.885298,-0.30276,-0.352965
0,0,1
0.682161,-0.731202,0.000143492
-0.731514,-0.681827,-1.61041e-05
0,0,1
0.0325652,-0.0210863,-0.999247
-0.731114,-0.682256,-0.000107525
0.610249,0.787846,-0.0830356
-0.682341,0.731034,2.2342e-05
0.73867,0.496495,-0.455916
0.532543,0.484782,-0.693818
-0.731643,-0.681688,1.05769e-06
0.681566,-0.731757,-0.000216821
0,0,1
0.760807,0.599989,0.247356
0.159046,0.200003,-0.966801
-0.731098,-0.682272,-0.000630969
-0.682109,0.73125,0.000205242
-0.681999,0.731353,0.000427981
-0.0727692,-0.00720863,-0.997323
-0.73135,-0.682002,-0.00031693
0.682115,-0.731245,-0.000297739
-0.682289,0.731083,-0.000287092
-0,0,1
0,0,1
0.0155436,-0.00469554,-0.999868
0,0,-1
0.490832,0.478872,-0.72785
-0.731205,-0.682158,-0.000264612
-0.534395,-0.477824,-0.697213
0.992953,0.094092,-0.0720441
0.681902,-0.731443,-0.000824324
0.681815,-0.731524,-0.000165284
0.682337,-0.731037,0.000879828
-0.731131,-0.682237,-0.000263871
0.50176,-0.75803,-0.416685
0.681825,-0.731515,0.000178794
-0.73107,-0.682302,0.000170218
0,0,-1
-0.689408,0.723931,-0.0253099
0.682004,-0.731348,-0.000439442
0.681825,-0.731516,2.47034e-05
-0.724487,-0.689288,0.000726017
-0.30424,0.073252,0.949775
0,0,1
0.731151,0.682215,0.00082407
0.0243644,0.0884243,-0.995785
0.744337,0.665465,-0.0558536
0,0,1
0,0,1
-0.00568151,0.0173922,0.999833
0.734826,-0.465002,-0.493765
-0.70164,-0.702783,0.117466
0,0,1
0.040626,-0.0887265,0.995227
0,-0,1
0,0,1
0,0,1
0,0,1
0.380702,0.307138,-0.8722
-0.68205,0.731305,0.000211992
-0.731781,-0.68154,-0.000238726
-0.731351,-0.682002,-0.00018612
-0.918823,0.260792,-0.29623
5.64745e-05,1.01959e-05,-1
0.68231,-0.731063,-0.000494209
0.6819,-0.731445,-0.000749047
-0.479556,-0.305583,-0.822584
0.6824,-0.730979,0.000273945
0,-0,1
0.137669,-0.0538557,-0.989013
-0.782712,0.536322,-0.315785
-0.731282,-0.682075,-0.000211107
-0.731011,-0.682365,0.0010511
-0.613302,0.788641,-0.0436629
-0.730824,-0.682565,-0.00041291
-0.731737,-0.681587,0.000324194
0.682228,-0.73114,-0.000107618
-0.731458,-0.681887,-4.35203e-05
-0.731503,-0.681839,5.66543e-05
-0.731861,-0.681454,3.36977e-05
-0.601685,-0.587768,-0.540837
0,0,1
-0,0,-1
-0.449738,0.284316,0.8467
0.728404,0.684814,-0.0213725
-0,0,1
0.680444,-0.732798,-0.00181533
-0.731574,-0.681762,-0.00045569
-0.731244,-0.682115,-0.00135036
-0.681746,0.731589,-0.000399313
-0.731733,-0.681591,-0.000197161
-0.623399,0.725699,-0.291092
-0.682076,0.731281,0.00034874
-0.732043,-0.681259,0.000268223
-0.0153643,0.00284788,-0.999878
0.681919,-0.731428,-0.000236245
-0.397821,-0.437208,-0.80659
0.466856,0.204011,-0.86048
-0.731987,-0.681318,0.000260628
0.460457,-0.870471,0.173951
0.521343,0.480145,0.705452
-0.57333,-0.236123,0.784563
-0.731422,-0.681925,0.000124085
-0.731776,-0.681545,-0.000251741
-0.580396,-0.814333,0.00131422
0.699982,-0.713979,-0.0161078
-0,0,1
-0.71417,0.699687,-0.0199913
-0.486115,-0.873655,0.0204801
0.683607,-0.729838,0.00422998
-0.544056,0.552334,-0.631609
-0.217009,0.285067,-0.933619
-0.0167604,-0.272002,0.962151
0.682491,-0.730894,-3.90357e-05
0.876596,0.0784378,-0.474791
0.684332,0.725815,-0.0698728
0.856238,0.477333,-0.197508
0.0223328,0.0412829,-0.998898
-0.731377,-0.681974,-5.78838e-05
0.730031,0.683413,-0.000957175
0.682291,-0.731081,-6.77832e-05
0.833799,0.552064,0.00204061
0.625589,-0.778355,0.0529394
0.682214,-0.731153,-8.80413e-06
0.731883,0.68143,-0.000409136
-0.68237,0.731007,-0.000145261
-0.681803,0.731535,-0.00032577
0.605448,0.503094,-0.616709
0.0997864,0.0240344,0.994719
-0.731174,-0.682191,0.000625345
0.68234,-0.731035,9.44319e-05
0.662062,0.74934,-0.012795
-0.616361,-0.783126,-0.0825391
-0.733188,-0.680025,0.00126188
0,-0,1
0,0,1
0.603885,-0.557806,0.569363
0,0,1
-0.731112,-0.682258,-0.000413512
0,0,1
0,0,1
0.00094789,0.00814035,-0.999966
-0.731642,-0.681689,0.000132149
-0.681886,0.731458,0.000206662
0.681913,-0.731427,-0.0030607
-0.731255,-0.682104,-0.000348107
-0.731221,-0.682141,-0.000231641
0.682015,-0.731338,-0.000471592
0.681941,-0.731407,0.000204625
-7.39848e-05,-0.000177343,1
0,-0,1
0.999663,-0.0244951,0.00858063
-0.685978,0.727602,-0.00538565
0.45207,-0.519683,-0.724957
0.703747,0.7005,0.11849
-0.731519,-0.681821,0.000462112
0,0,1
0.653624,0.538269,-0.532017
-2.61421e-05,-1.70684e-05,1
0.000688902,0.00162783,-0.999998
0,0,1
0.0329546,0.102416,0.994196
-0,0,1
-0.682006,0.731346,0.000787161
-0.229385,0.972025,-0.0504957
-0.681798,0.73154,0.000114971
-0.731277,-0.68208,-0.000110411
0.681933,-0.731415,0.00017083
-0.73102,-0.682356,0.000342467
0.998232,-0.0473992,0.0358747
-0.682198,0.731167,-4.14741e-05
0.256574,0.615655,-0.745076
-0.731402,-0.681947,-0.000244014
0.788176,0.611539,0.0692778
0.000192376,8.28737e-05,1
-0.731383,-0.681967,0.000553158
-0.731094,-0.682277,-0.000266834
-0.731624,-0.681709,2.72666e-05
-0.681954,0.731395,0.000142934
0.681985,-0.731367,0.000271804
0.720564,0.500879,-0.479487
0,0,1
-0.731297,-0.682059,-3.29371e-05
-0.682126,0.731235,9.90163e-06
-0,0,1
0,0,1
0,0,1
-0.681779,0.731558,0.0002748
-0.681669,0.73166,0.000150717
-0.000193555,-2.53287e-05,1
-0.0877724,0.338854,0.936736
0,0,1
0.592876,-0.759361,0.268084
0.538902,0.535259,-0.650448
0.73159,0.681744,0.000168243
0.735898,0.676989,-0.011832
0.681852,-0.73149,-5.36143e-05
-0.682023,0.731331,-9.67835e-05
-0.681911,0.731435,0.000105722
-0.682096,0.731263,-0.000300587
-0.73132,-0.682035,3.64614e-05
0.99945,-0.00873592,-0.031988
0.734474,0.678634,0.00218023
0.73129,0.682067,-0.000451368
0.351065,-0.563522,-0.747794
0.849214,0.496647,-0.17938
-0,0,1
-0.0867002,0.0392839,0.99546
0,0,1
-0,0,1
0.670494,0.736317,0.0909611
-0.682044,0.731311,-0.000290666
2.77684e-05,4.43177e-06,-1
0.681906,-0.73144,-0.000131629
0.731218,0.682144,0.000488876
-0.731274,-0.682084,-0.000312701
-0.731188,-0.682176,-1.54777e-05
-0.682094,0.731265,-4.63029e-05
-0.731497,-0.681844,-0.000349754
0.514908,0.461729,-0.722272
-0.681628,0.731699,-3.43562e-05
0.477723,-0.517465,-0.709937
-0,0,-1
-0.731292,-0.682065,0.000124716
0.682255,-0.731114,-2.52352e-05
0.690734,0.708155,0.146297
0,-0,-1
-0.6846,0.728912,0.00311387
0,0,-1
0,0,-1
-0.682501,0.730885,-0.000216802
0.324373,0.377049,-0.867534
-0.464665,0.502828,-0.728869
-0.681982,0.731369,0.000123553
-0.731263,-0.682096,0.000394842
0.731625,0.681707,-0.000188268
4.26731e-05,0.000964802,-1
-0.729875,-0.683556,-0.00582212
0.756518,-0.653966,-0.00314744
-0.681971,0.731379,-3.43154e-05
-0.731304,-0.682051,-0.000416963
-0.681841,0.731501,-0.00037636
-0.0359936,0.754277,-0.655569
0.731056,0.682317,0.000367138
0.349319,0.407798,-0.84361
0.682123,-0.731237,0.000235214
0.805315,0.579813,-0.123627
0.681869,-0.731474,0.000187344
0,0,-1
0,0,-1
0,0,-1
0.73105,0.682324,0.000344982
0.722433,-0.540945,0.430662
0.432499,0.426137,0.794576
-0.034347,0.107375,0.993625
0,0,1
0.681761,-0.731575,0.000204522
0.70549,0.70861,0.0124794
0.731216,0.682146,9.99103e-05
0.682229,-0.731138,0.00068882
-0.000184032,-0.000397516,-1
-0.731738,-0.681585,0.000598294
0.643849,0.764966,-0.0169021
0.731117,0.682252,4.15437e-07
-0,0,1
0.68215,-0.731213,0.000170117
0.700723,-0.7106,0.0635214
0.682047,-0.731308,3.96348e-05
0.731345,0.682008,-0.000635452
0,0,1
0.00767679,0.0103297,-0.999917
0.801002,0.588534,0.109653
0.732047,0.68071,0.0272358
0.695194,-0.659579,-0.285764
0.681928,-0.731419,0.000423433
-0.681005,0.732277,0.00161015
-0.815465,-0.577008,-0.0455857
0,-0,-1
-0.6819,0.731445,0.000357198
-0.68225,0.731119,-0.000440165
-0,0,1
-0.021206,-0.0172739,-0.999626
-0.0117938,0.00301469,0.999926
0.34189,0.332933,-0.878787
-0.731107,-0.682263,0.000362179
0,0,-1
0,0,1
0.0122983,0.00773244,-0.999894
0.730787,0.682605,-0.000101578
0.969986,0.0314326,-0.241122
0.00169047,-0.00176001,0.999997
0.682283,-0.731088,4.43852e-05
0.731325,0.682029,8.92445e-05
-0.681955,0.731393,0.000870404
-0.681876,0.731467,-0.000347234
-0.733588,-0.679591,-0.00203155
0.986521,0.0653842,0.150004
-0,0,1
-0.747813,-0.66356,-0.0215332
-0.681944,0.731404,0.000618025
0.659582,-0.725793,-0.195386
0.685028,-0.64835,-0.332233
0.681836,-0.731505,0.000217015
0,0,1
-0.685202,0.728343,-0.00393719
-0.731275,-0.682082,0.00024482
-0.731225,-0.682136,-0.000115893
-0.106192,0.0707319,-0.991827
-0.746976,0.547343,-0.377416
0.682303,-0.73107,0.000345155
-0.731582,-0.681753,0.000421187
-0.731271,-0.682087,4.58695e-05
-0.68192,0.731426,-0.000207228
-0.681712,0.731621,0.000185093
0.681915,-0.731432,0.000476015
0.681608,-0.731717,-0.000633415
-0.682025,0.731329,-0.000200184
-0.219713,-0.0793146,-0.972335
0.0301912,0.373141,-0.927283
1.31039e-05,-2.28632e-05,1
0.68179,-0.731548,-0.000445967
0.512284,-0.778536,-0.362556
0.727575,0.686028,-0.000952794
-0.121264,0.189988,0.974269
-0.013585,0.00794307,-0.999876
-0,0,1
0.286996,0.953485,-0.0921964
-0.221712,-0.972119,-0.0763448
-0.681351,0.731957,0.000157667
0.682119,-0.731242,0.00034874
-0.185442,0.0783739,-0.979525
-0.731246,-0.682114,-0.00048909
0.530346,-0.526603,-0.664396
-0.731279,-0.682079,-0.000224286
0.731327,0.682026,0.000614386
-0.0274079,-0.0579988,-0.99794
0.00213321,0.00383454,0.99999
-0.731417,-0.681931,-0.000248888
-0.000233732,0.000720456,-1
-0.599914,-0.716294,0.356407
-0.48308,0.689963,0.53906
0.731534,0.681804,-5.20995e-05
-0.731283,-0.682074,-0.000120676
-0.681477,0.731839,-8.85921e-05
0.68135,-0.731957,0.00120661
-0.681759,0.731576,0.000466889
0.730985,0.682393,-0.000458449
0.756674,0.653719,0.00977299
-0.705664,-0.708546,0.00111169
0.682622,-0.730771,0.000573156
-0.682238,0.731131,-0.000417701
-2.73093e-05,1.2785e-05,-1
0.697016,-0.712855,-0.0775017
0.710431,-0.703517,0.0187583
0,0,-1
-0.681823,0.731517,0.0001113
-0.6822,0.731166,0.000401725
0.00151719,-0.0161179,-0.999869
0.980784,-0.176548,-0.0830227
-0,0,1
0,0,1
0.897816,0.425756,-0.112513
0.757566,0.651817,0.0350449
-0.682159,0.731204,3.42326e-05
0.726468,-0.635511,-0.261476
-0.736479,-0.676458,-0.00170468
-0.308532,0.532785,-0.788003
-0.682094,0.731264,6.89098e-05
-0.000568271,-0.00359023,0.999993
0.293319,0.898393,-0.326886
-0.341415,0.856307,-0.387523
-0.682091,0.731268,0.000223194
-0.682032,0.731322,-0.000443126
0.0839193,0.0774312,-0.99346
0.597519,0.531352,-0.60053
-0.346464,-0.328965,0.87849
-0.681806,0.731533,-0.000368151
0.731641,0.68169,-6.34806e-05
-0,0,1
0.731048,0.682327,-6.22922e-05
0.68219,-0.731175,0.00026237
0.731401,0.681947,0.000414754
-0.731149,-0.682217,-0.000733724
0.731259,0.6821,0.000247117
-0.903453,0.404905,0.140802
0.731456,0.681889,0.000249542
-0.731602,-0.681732,-0.000256111
-0.731536,-0.681803,0.000245872
0.755306,0.655239,-0.0132144
1.65251e-05,1.86724e-05,1
0,0,1
0.682289,-0.731083,-0.00032295
0.711559,-0.633929,-0.303013
0.682312,-0.731061,-7.0425e-05
0.864961,-0.467084,0.183508
0,0,1
-0.730833,-0.682556,0.000186235
0,-0,1
-0.731189,-0.682175,-0.000405082
0,0,1
0.681972,-0.731378,-0.000256054
0.679705,-0.733227,0.0194786
-0.98637,-0.145542,0.0767534
-0.731644,-0.681686,-0.000811485
0.785265,0.618826,0.020347
-1.81205e-06,-1.57527e-05,1
-0.00632985,-0.0111791,0.999917
-0.176115,0.275584,0.945006
-0.642347,0.764193,0.0582981
-0.322677,0.672464,0.666086
0.503686,0.641805,0.578262
0.712346,-0.70137,-0.0253511
-0.682354,0.731022,4.62289e-05
0.736261,0.676649,-0.00812904
0.731328,0.682025,-0.000488876
0.732001,0.681304,-2.92371e-05
0.73918,0.486738,-0.465509
-0.718996,-0.694154,-0.0345686
0.00098383,0.00461784,0.999989
0.309059,0.22131,-0.924935
0.132364,0.0633592,0.989174
0.681972,-0.731378,-0.000945686
0.670561,-0.740433,-0.0458971
-0.675991,0.510732,0.531215
-0,0,1
-0.705312,0.621425,-0.341124
0,0,1
0,0,1
-0.731372,-0.681978,-0.000292307
0,0,1
0.0715557,-0.363337,0.928906
0,0,1
0,0,1
0.725592,0.688124,0.00123228
0.000163912,-0.000129918,1
0.121959,0.192146,-0.973759
0.731359,0.681993,0.00016218
0.000875843,0.00023962,1
0.738058,0.674736,0.00171381
0,0,1
0.0803257,0.416281,-0.905681
-0.731312,-0.682043,-8.74433e-05
0,0,1
-0.681816,0.731524,4.95958e-05
0.683394,-0.730006,-0.00799524
-0.681824,0.731516,5.42392e-05
-0.731833,-0.681483,0.00117318
-0.731713,-0.681613,-0.000401435
0.731364,0.681987,0.000434287
-0.717045,-0.661739,-0.218968
-0.731297,-0.682059,-0.000252333
-0.478321,0.878185,0.000842602
-0.681845,0.731497,8.27054e-05
-0.493897,-0.146627,-0.857069
-0.731275,-0.682083,-3.20826e-05
-0.682299,0.731073,8.93716e-05
-0.682131,0.73123,-0.000259509
-0.681956,0.731393,0.000396844
-0.681409,0.731903,-0.000301406
-0.731782,-0.681539,-0.000123373
-0.714471,-0.698819,-0.0343979
-0.682005,0.731347,-0.000232473
0.55042,-0.825674,0.123691
-0,0,1
0.731024,0.682352,-0.000641882
-0.731126,-0.682243,0.000162406
-0.682013,0.73134,-2.69799e-05
0.731195,0.682169,0.000417843
-0.382531,0.919523,0.0902623
0.730938,0.682444,-0.000161412
-0,0,-1
0,0,1
0.763337,0.612832,-0.204335
0.733164,0.679467,0.0282068
-2.61527e-06,-1.05137e-06,-1
0.732575,0.680359,-0.0210867
-0.730391,-0.683029,0.000258011
-0.731143,-0.682224,0.000241994
-0.681962,0.731388,0.000129832
0.682275,-0.731096,-0.000123027
-0.680209,0.733,0.00506734
-0,0,1
-0.731608,-0.681726,-0.000301119
-0.682073,0.731284,-0.000279335
-0.731546,-0.681792,-0.000149717
5.85107e-06,9.5849e-06,1
0.451965,0.338804,0.82519
0.0608492,0.0306603,0.997676
0.681532,-0.731788,0.000168599
-0,0,1
0.998936,-0.0202874,-0.0414046
0.561413,0.510156,-0.65158
0.681825,-0.731515,-0.000500271
-0.731228,-0.682133,-0.000338381
0.682099,-0.73126,0.000331549
0.692199,-0.714579,0.101178
0.57624,-0.816778,0.0286542
0.681758,-0.731578,0.000530726
0.0259138,-0.134132,-0.990625
-0.675542,0.737306,0.00486937
0.681995,-0.731357,-6.59012e-05
0,0,1
-0,0,1
0,-0,1
0,0,1
0,0,1
-0.00831503,0.112015,0.993672
0,0,1
0,0,1
-0.000460632,-0.00133706,0.999999
0,-0,1
9.86598e-05,-4.2027e-05,-1
0,0,1
0.539901,0.490006,-0.684399
0.681863,-0.73148,3.06066e-05
0.226182,0.150699,0.962357
0.196533,0.123238,0.972722
-0.752077,-0.658993,0.01039
0.730906,0.682478,-0.000172943
8.10901e-05,-5.8773e-06,-1
-0.194366,-0.262549,-0.94514
-0.730929,-0.682453,-2.28501e-05
-0,0,1
0.0187861,0.011869,-0.999753
-0.681765,0.731572,-0.000110362
0.817054,-0.568253,-0.0975278
-0.0227439,0.123606,-0.992071
-0.682075,0.731282,0.00053851
0.976804,0.214133,-0.00119819
-0.682167,0.731196,0.000436514
-0.731573,-0.681763,0.000294126
0,0,1
0,0,1
-0.626592,0.779133,-0.0182471
0.681849,-0.731493,3.43845e-05
-0.731102,-0.682269,6.00302e-05
0.725017,0.688393,0.0215533
0.681911,-0.731435,0.000393282
0.204684,0.972945,0.107153
-0.68185,0.731492,-0.000313115
0.730397,0.683023,-0.000239979
0.731085,0.682286,2.03701e-05
-0.731078,-0.682294,-0.000167203
3.23548e-05,8.14452e-05,-1
-0.681744,0.731591,-1.23055e-05
-0.54079,0.836731,-0.0861776
0.559256,-0.822935,0.10005
0.682226,-0.731141,0.000627617
0.682253,-0.731116,0.000232922
-0.574069,0.81789,0.0387563
0.682158,-0.731205,0.000100459
0.682346,-0.73103,9.93425e-05
0.681359,-0.731949,-6.45323e-05
0.681624,-0.731703,7.51738e-05
0.681727,-0.731606,-0.000259771
-0.731286,-0.682071,-1.44069e-05
0.682455,-0.730916,-0.00412901
0.681932,-0.731416,-1.38768e-05
-0.730965,-0.682415,0.00021753
0.681535,-0.731785,-0.000385523
0.749909,-0.658864,-0.059458
0,0,1
0,0,1
-0.754756,-0.644283,0.123464
-0.660279,-0.73064,0.173775
0.703514,-0.709758,-0.0362195
0.782658,0.620451,-0.0498741
0.682184,-0.73118,-0.00067318
0.750772,0.644582,0.144412
-0.73142,-0.681927,-0.000438868
0.975196,0.219782,-0.0262371
0,0,1
0,0,1
-0.358682,-0.445568,0.820254
-0.731385,-0.681964,0.000863659
0.682265,-0.731105,0.000291515
0.719382,0.693362,-0.0417038
-0.681846,0.731495,-0.00110785
0.682194,-0.731171,-0.000148323
0,0,1
0.0132486,0.0049765,-0.9999
0.731477,0.681866,0.000820109
0.985267,-0.164157,0.0479663
-0.681868,0.731475,-9.93996e-06
0.682213,-0.731154,0.000181104
-0.681806,0.731532,-0.00120657
0.62571,-0.734294,0.263247
-0.731235,-0.682126,-0.000410006
-0.722985,-0.468052,-0.508153
0.721666,0.69009,-0.0545412
0.681925,-0.731423,0.000114373
-0.731597,-0.681737,-0.000270981
0.682111,-0.731249,-0.000107673
-0.682805,0.730462,-0.014223
-6.67704e-05,-0.000387007,1
0.682208,-0.731158,-0.000605146
-0.731584,-0.681751,-0.000414409
0.681709,-0.731624,-0.00013681
-0.731549,-0.681789,0.000377419
-9.87523e-05,-0.000263422,1
0.845289,0.500861,0.186078
0.731274,0.682083,0.000308258
0.861059,-0.491469,-0.130522
0.731723,0.681532,0.0097497
0.0526718,0.147187,0.987705
-0.681918,0.731429,-0.000353512
0.00099132,0.00369218,-0.999993
0.785401,0.618489,0.024831
-0.614352,-0.587149,-0.527093
-0.681833,0.731508,0.000151885
-0.68232,0.722927,0.108703
0.0579687,0.998306,0.00504174
-0.731168,-0.682198,-8.85615e-05
0,0,-1
-0.00181139,-0.000776533,0.999998
-0.681924,0.731423,0.000730653
-0.695859,0.654958,-0.294635
-0.731414,-0.681934,-0.0007532
0.201002,0.293755,-0.934509
-0.292964,0.543913,-0.78634
-0.682066,0.73129,0.000716548
-0.682028,0.731326,0.000243371
0.497043,0.496966,0.711318
0.731385,0.681965,-0.000213775
0.731189,0.682175,4.43456e-06
-0.681862,0.731481,-9.76724e-06
0.671283,-0.739715,-0.0469095
0.732635,0.68062,-0.00123366
-0.682583,0.730808,0.0003742
-0.731528,-0.681812,-0.000344466
-0.681634,0.731693,-0.000243382
-0.00039979,-0.000167541,-1
-0.0003325,-0.00117011,-0.999999
-0.622198,-0.715493,0.31771
-0.697487,-0.690588,-0.191313
-0.637185,0.770111,-0.0303845
0.731348,0.682004,9.98569e-05
-0.700252,0.634257,-0.327667
-0.682434,0.730947,-6.14476e-05
0.727233,0.686389,0.00145076
0.692482,0.72056,0.0355094
0.731082,0.682289,-6.07443e-05
0.0095019,0.000989467,0.999954
0.681686,-0.731645,0.000273381
-0.68198,0.731369,0.00152366
-0.00988145,0.0371419,-0.999261
0,0,1
0.467114,0.71528,-0.519788
0,0,-1
-0.73128,-0.682077,-0.000123401
0,0,1
0.441152,0.635004,-0.634157
0.113926,0.0566026,-0.991875
0.474677,-0.492106,-0.729735
0.669406,-0.740399,-0.0608654
-0.681935,0.731413,0.000648609
0.681753,-0.731582,-0.000116387
-0.523648,-0.599523,-0.60528
-0.681041,0.732245,0.000184355
-0.681639,0.731689,0.000518476
-0.757969,0.652285,0.00288177
0.730326,0.597996,-0.330189
-0.682124,0.731237,-0.000472362
0.681776,-0.731561,-6.13836e-06
0.731275,0.682082,-0.000412013
0,-0,1
-0.728478,-0.685061,-0.0033755
-0.00150514,0.00182223,-0.999997
-0.711948,-0.702219,-0.00419892
-0.733064,-0.528486,-0.428158
0,0,-1
0,-0,1
-0.0300129,0.0198188,0.999353
-0.732062,-0.681238,-7.73517e-05
0.681854,-0.731489,-0.000255079
0.0253574,-0.256151,0.966304
0.731404,0.681945,0.000309024
0.682295,-0.731077,0.000149219
4.88918e-06,-3.74154e-05,-1
-0.586566,0.394411,-0.707375
-0.731346,-0.682006,7.49958e-06
0.290137,0.458172,-0.840178
-0.731398,-0.681951,-0.000125275
-0.681587,0.731737,7.05021e-05
-0.682165,0.731199,4.93691e-05
0.681893,-0.731452,-0.000259098
0,0,1
-0.682262,0.731108,0.000191583
-0.681554,0.731768,9.0066e-05
-0.0927706,0.388966,-0.916569
0.730971,0.682409,0.000201164
0.728496,0.685047,-0.0019132
0.56746,0.719657,0.400103
0.487571,0.421847,0.764408
-0.681859,0.731483,-0.000320365
-0.681816,0.731524,-0.000312498
0.678839,-0.734286,0.00110749
-0.682024,0.73133,0.000229317
0.728002,0.599885,0.331889
0.731071,0.682301,-0.000419585
-0.00676631,-0.000119751,-0.999977
0.0495171,0.0351479,-0.998155
0.681825,-0.731515,-5.20382e-05
-0.484297,0.513951,-0.708033
-0.682231,0.731137,-0.000498423
-0.731459,-0.681886,-2.40958e-05
0.685313,-0.728249,-0.000504263
-0,0,1
0.681855,-0.731487,-0.000235973
-0.731076,-0.682295,0.000186257
-0,0,1
-0.684632,0.728888,-0.000937649
0,-0,1
-0.731352,-0.682,0.000363507
-0.73157,-0.681766,0.000439613
-0.00776401,0.0143666,-0.999867
0.755045,0.646497,-0.10931
0.366178,-0.338483,-0.866801
-0.731445,-0.6819,0.000254667
0.73188,0.681433,-9.79717e-05
0,0,1
0.731567,0.68177,0.000167652
-0.681815,0.731524,-0.000196871
-0.67255,0.740047,0.00253462
-0.926172,0.375566,0.033989
0.501818,-0.131163,-0.854971
0.731238,0.682123,0.000161196
-0.730938,-0.682444,-0.000147389
-0.73129,-0.682066,-0.000558697
-0.731533,-0.681806,-6.47491e-05
0,0,1
0.681965,-0.731384,-0.000610672
-0.129777,0.0192692,-0.991356
0.731234,0.682126,0.000247334
0.433439,-0.551159,-0.712989
0.68227,-0.7311,-8.6901e-05
0.0305437,-0.0223214,-0.999284
0.628825,0.658207,-0.413935
0.73133,0.682023,-0.00054453
-0.682348,0.731028,-7.7963e-05
0.6696,-0.736519,0.0957903
0.682394,-0.730984,-2.59634e-05
-0.730971,-0.682409,-2.98406e-05
0,0,1
0,0,1
0.731107,0.682262,-0.000653432
0.687653,-0.725972,-0.00987248
-0.682154,0.731209,-0.000130097
0.345393,-0.178343,-0.921356
0.216227,-0.0474281,0.97519
-0.467263,-0.330431,-0.820049
0,0,1
0.489854,0.603433,0.629215
0,-0,1
0,0,1
0.127088,0.113445,-0.985383
-0.731909,-0.681402,1.04437e-05
7.57449e-05,0.000552309,-1
0.725689,0.688012,-0.00377373
-0.682035,0.73132,0.000262567
-0.681711,0.731622,-5.05507e-05
-0.480427,0.516382,-0.708901
-0.591357,0.731505,-0.339408
0.265097,0.331233,-0.905543
0.889694,0.452302,0.0621965
0.710766,0.703411,-0.00494734
0.000751656,0.000505122,-1
0.681971,-0.731379,-0.0001294
-0.68217,0.731194,-0.000352242
0.661354,-0.355322,-0.660573
-0.682027,0.731327,-0.000128445
-0.731207,-0.682155,0.000403735
0.205964,0.107976,-0.972584
0.02332,-0.00242192,-0.999725
-0.877443,0.457447,-0.144347
-0.898907,-0.437471,0.0241806
-0.714482,-0.605518,0.35052
-0.682036,0.731318,-0.000176313
5.74992e-06,4.53228e-06,-1
-8.3965e-05,-0.000119255,1
0.682222,-0.731145,0.000327084
-0.681883,0.731461,0.000561412
0.938716,0.337971,0.0677327
0.730989,0.682389,0.000473162
0.656982,-0.53661,-0.529551
-0.00359487,-0.005529,-0.999978
-0.731712,-0.681614,9.14194e-05
0.682326,-0.731048,4.92247e-05
0.766394,0.642369,-0.0011962
0.681825,-0.731515,0.00044978
-0.0932934,0.939211,0.330422
2.34473e-05,1.58157e-05,-1
0.731509,0.681831,-0.000400043
0.710057,-0.678483,0.188362
-0.730952,-0.682429,0.000175478
-0.48736,0.534801,-0.690266
0.658976,0.752023,-0.0145555
-0.731338,-0.682015,-0.000373274
-0.000222176,-0.00231381,-0.999997
-0.681863,0.73148,0.000328353
-0.682187,0.731178,-0.000757537
0.682066,-0.73129,8.49118e-05
-0.733374,-0.679819,-0.00279172
0.541073,0.716417,-0.440439
-0.290565,0.1199,-0.949314
0.556897,0.824303,-0.101932
0.0484659,-0.0524687,-0.997446
0,0,1
0.0116654,0.00170713,0.99993
0.00127683,0.000349115,-0.999999
-0.00952352,0.0378016,-0.99924
0.101474,-0.0384559,0.994095
0,0,1
-0.000575735,-0.00626468,0.99998
-0.502349,-0.392275,-0.770562
-0.731057,-0.682316,-0.000284926
-0.663727,0.747963,-0.00409649
0,0,1
-0.571443,0.800933,-0.178769
0.0722309,-0.0397768,-0.996594
-0.679734,0.733453,-0.00275453
-0.681438,0.731876,-0.000110014
-0.00490046,0.111699,0.99373
-0.681646,0.731682,0.000230135
-0.731366,-0.681985,-1.86584e-05
-0.681467,0.731849,0.000126273
0.682208,-0.731158,-0.000518256
0,-0,1
-0.731558,-0.681779,0.000356158
-0.731414,-0.681933,0.00029856
0.742787,0.669499,0.00625416
0.72907,0.684025,-0.0237991
0,0,1
0.681618,-0.731708,0.0001056
-0.328066,0.370075,-0.869147
0.733895,0.678945,-0.0208095
-0.715119,-0.698959,0.00776112
-0.000453176,6.58812e-05,-1
-0.731515,-0.681826,-0.0004107
-0.049851,0.0612588,-0.996876
-0.682067,0.73129,0.000340365
0.730871,0.682515,4.05265e-05
0.131238,0.217513,-0.967194
-0.345014,0.583619,-0.735088
-0.731166,-0.6822,-0.000303629
0,0,-1
0.731497,0.681844,5.68081e-05
0.000125943,6.09641e-06,-1
-0.681672,0.731658,-0.000105705
0.73152,0.68182,6.36045e-06
0.479968,0.50119,-0.720027
0.682442,-0.73094,0.000706099
0.915832,0.347543,0.201159
0.681792,-0.731546,8.73633e-06
-0.681778,0.731559,0.000325306
-6.39962e-05,-0.000859212,1
0.726856,0.640452,0.247995
0.694654,-0.718993,-0.0224591
-0.464242,0.885303,0.0268079
-0.00283625,-0.00289487,0.999992
-0,0,1
-0.731118,-0.682251,0.00022057
0.14005,0.982505,0.122761
0,0,1
0,0,1
0,0,1
0,0,1
-0.681993,0.731359,-0.000129429
-0.681345,0.73195,-0.00440657
0.731623,0.68171,0.000530342
0,0,1
-0.730973,-0.682406,-7.49773e-05
-0.682864,0.730545,0.000264469
0.454876,0.468416,0.757413
-0.731581,-0.681755,0.000267554
-0.721056,0.691497,-0.0437007
-0.682107,0.731252,1.40586e-05
0.788805,0.614462,-0.0149397
0.681446,-0.731868,0.000130207
-0.682209,0.731156,-0.000743161
-0.0738439,-0.0358218,0.996626
0.686925,-0.726379,-0.0225566
-0.411593,-0.47293,-0.779056
0.445898,0.893261,-0.0570946
-0.21286,-0.582076,-0.784779
-0.681913,0.731433,0.00064542
0.454809,0.668206,-0.588769
-0.509454,0.42909,-0.745881
0.88163,0.381668,0.277595
-0.731324,-0.68203,-0.000650704
0.00110208,-0.000757226,-0.999999
-0.729132,-0.684373,-1.66264e-05
0.682152,-0.731211,0.000181142
-0.000511984,-4.65623e-05,-1
0.731064,0.682309,0.000207397
-0.0108911,-0.0142451,-0.999839
0,-0,1
-0.000820617,-0.000377564,-1
0,-0,1
0.52298,-0.44705,-0.725699
-0.745612,-0.664785,-0.0460791
-0.740191,0.65351,-0.158245
-0.0219557,-0.058127,-0.998068
0.679591,-0.733552,-0.00760896
0.733035,0.680188,-0.00193665
-0,0,1
-0.782838,-0.604559,-0.147216
0,-0,1
0.729815,0.683619,-0.00590792
-2.59014e-05,7.9703e-05,-1
0,0,1
-0.286256,0.805483,-0.518898
0.732114,0.681182,0.00047407
0.704541,-0.52597,-0.476421
-0.731623,-0.68171,-0.000353131
-0.98386,0.17424,-0.0407318
-0.0421014,-0.0722018,0.996501
-0.681965,0.731385,-0.000614617
-0.73135,-0.682003,0.000366674
0.00153457,-0.00114773,0.999998
-0.683145,0.730277,0.00280302
-0.996533,-0.0831693,0.00201092
0.000477061,0.000746281,-1
-0.0112934,0.0111038,-0.999875
-0.942793,-0.291373,-0.161997
-0.682262,0.731107,0.00101697
0.731411,0.681937,0.00031793
-0.0126146,0.00388315,-0.999913
0.745793,0.666178,0.000542826
0,0,1
7.07243e-06,2.21789e-05,1
0.679881,0.719969,-0.139305
-0.730947,-0.682434,0.000153888
-0.731311,-0.682044,0.000465218
0.728475,0.685012,0.00910334
0.712417,0.700913,0.0343882
0.731399,0.68195,-0.000431266
0.68179,-0.731548,-0.000660052
0.681895,-0.73145,-3.38326e-05
0.681921,-0.731425,9.22303e-05
-0.682323,0.731051,-0.000516708
0.685857,-0.727733,0.00219365
1.7429e-05,1.22937e-05,1
-0.79447,-0.606083,0.0384825
-0.68192,0.731426,0.000392896
-0.682004,0.731348,-0.000101739
-0.682659,0.730737,0.000407923
0.284372,-0.270363,-0.919802
0.827924,-0.560736,0.0108601
0.682308,-0.731065,0.000467456
0.705635,-0.688617,-0.16699
-0.681879,0.731465,0.000538793
-0.852958,-0.282124,-0.439168
0.731746,0.681577,8.86026e-06
-0.68202,0.731317,-0.0048497
-0.792889,-0.00860522,-0.609305
0,-0,1
0.681868,-0.731476,-0.000216081
0.710905,-0.702069,0.0414031
-0.653295,0.589877,-0.474606
-0.579443,-0.521986,-0.62592
0.731491,0.681851,-0.000101767
0.00620184,-0.00565182,-0.999965
0.331243,0.504619,-0.797269
-0.753636,-0.656941,0.0214834
0.756183,0.632934,0.166076
-0.373489,0.8686,-0.325638
0.00898031,0.00281524,-0.999956
-0.00148468,0.00133371,-0.999998
0.73134,0.682013,0.000515878
0.681989,-0.731362,0.000310591
0.682167,-0.731195,0.00101913
-0.667548,-0.743912,0.0312197
0.681922,-0.731425,0.000203132
0.68172,-0.731613,3.23748e-05
1.71376e-06,1.73401e-06,-1
-0.680983,0.732295,0.00258336
0.682014,-0.731339,0.000108345
-0.682032,0.731322,0.000268197
0.682143,-0.731218,9.65319e-05
-0.681909,0.731437,-0.000411759
0.696025,-0.718014,0.00209619
0.681944,-0.731404,0.000375208
0.681707,-0.731625,-0.000116287
-0.73157,-0.681766,0.000247427
-0.731467,-0.681877,-0.000121152
0.0281927,-0.14876,-0.988471
0.731487,0.681855,4.08841e-05
0.997656,-0.059551,0.0337178
0,0,1
0.22283,-0.501162,0.836172
-9.46553e-06,2.80159e-05,1
-0.567803,0.270587,-0.77742
-0,0,1
-0.682157,0.731205,-0.000386092
-0.665789,-0.736005,0.122559
0.377461,-0.175215,0.909298
-0.341178,0.501248,0.795203
0.6818,-0.731539,0.000289184
0.682339,-0.731036,-0.000292568
0.410543,0.896796,0.164957
0.681957,-0.731392,0.000376635
0.000319158,-0.00123438,0.999999
0.717228,-0.696191,0.0300267
0.219196,-0.0736396,-0.972898
0.996302,-0.0799836,0.0313751
0.681824,-0.731516,0.000318725
0.681545,-0.731776,-0.00033532
-0.316571,-0.92494,0.210401
-0.731299,-0.682057,0.000187613
0.681869,-0.731474,-0.000482927
-0.731585,-0.681751,6.67213e-05
-0.731427,-0.68192,0.000387784
-0.68208,0.731277,-0.000343679
0.730388,0.683033,-0.000146523
-0.731353,-0.681999,4.40046e-05
0.900136,0.43251,-0.0518689
0.731221,0.682141,-0.000446565
-0.20999,-0.219403,-0.952768
0.000121529,2.3792e-05,-1
0,0,1
-0.669419,-0.727066,-0.152489
-0.0468497,-0.0368438,-0.998222
0.682253,-0.731116,-6.86327e-05
-0.730891,-0.682494,0.000113721
-0.000383986,-8.77681e-05,-1
0.681954,-0.731395,-8.44412e-05
-0.00277332,0.000595488,-0.999996
0.730258,0.683171,0.00108931
-0.682669,0.730726,0.00149986
-0.731562,-0.681775,-0.000183241
0.401921,-0.36041,0.841762
-0.703002,-0.711108,0.0106354
-0,0,1
0.681592,-0.731733,-0.000243106
-0.392879,-0.909162,0.138096
-0.151101,-0.175806,-0.972759
-0.704071,0.703034,0.100139
-0.532252,0.767971,-0.356271
0.866508,-0.494899,-0.0650999
-1.62602e-05,-2.08893e-05,1
-0,0,1
-0.681827,0.731513,0.000747958
0,0,-1
-0.682194,0.731171,-0.0001502
0.999021,0.0251173,-0.036415
-0.731299,-0.682057,-0.000327511
0.730555,0.682854,-0.00036303
0,0,1
0.731482,0.68186,-0.000345439
-0.731206,-0.682156,-0.000332546
0.00106974,0.000296165,-0.999999
0.752695,0.654868,0.0678104
0,0,1
0,0,1
0,0,1
-0.3507,-0.779392,-0.519189
-0.659001,0.400547,0.636615
-0.748893,-0.661949,-0.0313432
-0.703018,-0.702876,-0.108311
0.243021,0.11102,-0.963647
-0.0960067,-0.0876647,-0.991513
0.681923,-0.731424,-0.000191305
0.682094,-0.731264,-0.000115431
-0.715566,-0.688347,-0.118928
0.047518,0.074842,0.996063
-0.682018,0.731335,-0.000101294
-0.482703,0.483796,-0.730027
0.73118,0.682185,0.00011661
0,0,1
0.731354,0.681998,0.000628943
0,0,1
0,0,1
-0.68229,0.731082,-0.000341524
-0.0920756,0.105141,0.990186
0,-0,1
0,-0,1
-0.628729,0.61477,0.47619
-0.682236,0.731132,-0.000104571
0.961679,-0.148012,-0.230794
-0.68215,0.731212,0.0005767
0.681517,-0.731802,-0.000558049
-0.22039,0.224326,-0.949266
0.681958,-0.731391,0.000375292
0.682062,-0.731294,0.000382985
2.33965e-06,-2.51435e-06,1
-0.681757,0.731579,-0.000230186
0.682354,-0.731022,-0.000443822
-0.682182,0.731182,-0.000806539
0.287927,0.956512,0.0467115
-0.682042,0.731313,-0.000381099
-0.711398,-0.702779,0.00391038
